lastAccountName: Lugi2660
timestamps:
  login: 1559939581360
  logout: 1559939673323
ipAddress: 109.59.83.163
lastlocation:
  world: OurSpawn
  x: 1832.5
  y: 156.0
  z: 4417.5
  yaw: 141.37413
  pitch: -3.5999987
logoutlocation:
  world: OurSpawn
  x: 1837.772027520598
  y: 162.0
  z: 4410.896176284847
  yaw: -33.79295
  pitch: 48.96297
