lastAccountName: ScrrAm
timestamps:
  login: 1559939531545
  logout: 1559939670823
ipAddress: 2.108.160.230
lastlocation:
  world: world
  x: 16.0
  y: 92.0
  z: 43.0
  yaw: 0.0
  pitch: 0.0
logoutlocation:
  world: OurSpawn
  x: 1824.5328118666594
  y: 156.0
  z: 4412.148032520443
  yaw: -73.42544
  pitch: -17.099945
