spawns: 
  default: 
    world: OurSpawn
    x: 1832.3328106286338
    y: 156.0
    z: 4417.6082797941735
    yaw: 141.37413
    pitch: -3.5999987
