world: mines
x: 200.57555650468123
y: 8.0
z: -304.66186831804225
yaw: 269.25757
pitch: 1.6499854
name: a
