world: mines
x: -38.60392025543984
y: 16.0
z: -392.54073171503273
yaw: 26.684338
pitch: 10.350045
name: b
