world: mines
x: 284.1266403866915
y: 32.0
z: -1248.5408974956488
yaw: 19.17871
pitch: -0.45008838
name: bedrock
