world: mines
x: 165.41271223314132
y: 14.5
z: -400.3355540256067
yaw: 226.93823
pitch: 1.6500314
name: c
