world: OurSpawn
x: 1874.4585488211922
y: 28.0
z: 3987.03592956182
yaw: 179.63193
pitch: -0.03555525
name: Casino
