world: mines
x: 24.96767366191201
y: 12.0
z: -1250.610363997594
yaw: 359.8295
pitch: -1.1999276
name: Coal
