world: mines
x: 426.93256451809077
y: 17.0
z: -582.1731786603751
yaw: -325.66516
pitch: 8.2500105
name: d
