world: mines
x: -127.78819885091886
y: 42.0
z: -1372.811905097363
yaw: -234.46826
pitch: -0.60018194
name: Diamond
