world: OurSpawn
x: 1810.682768374539
y: 152.0
z: 4428.505327050103
yaw: -90.45014
pitch: 31.799994
name: Donate
