world: mines
x: 212.0060478027867
y: 14.0
z: -693.6418267777655
yaw: 59.084106
pitch: -1.650028
name: e
