world: mines
x: 260.4379320849888
y: 67.0
z: -1613.6776474724916
yaw: -177.45465
pitch: -7.5001554
name: Emerald
