world: <world>
x: -28.869744487507823
y: 65.0
z: -3.557864416126587
yaw: 70.80322
pitch: 27.466358
name: ert
