world: OurSpawn
x: 1850.0247118443147
y: 111.0
z: 4686.67410608281
yaw: 220.5523
pitch: -28.985746
name: event
