world: mines
x: -51.271407390866734
y: 12.0
z: -731.4431145124702
yaw: -181.81549
pitch: 30.449953
name: f
