world: world
x: -69.96710622407655
y: 4.0
z: 534.3362793001485
yaw: -358.74268
pitch: 0.50751114
name: FriByg
