world: mines
x: -15.438939436452387
y: 13.0
z: -1058.3123678061236
yaw: -0.46892038
pitch: -2.399924
name: g
