world: OurSpawn
x: 1831.437439771481
y: 156.0
z: 4421.403940812771
yaw: 178.50763
pitch: -2.3290653
name: GamleSpawn
