world: mines
x: 154.04642035361823
y: 27.0
z: -1243.997134547631
yaw: 13.329102
pitch: 0.29991248
name: gold
