world: mines
x: -259.5
y: 15.0
z: -1324.5
yaw: -268.23444
pitch: 2.5500286
name: H
