world: mines
x: -281.8952354473421
y: 15.0
z: -1187.7517585675232
yaw: 269.21796
pitch: 1.0501479
name: i
