world: mines
x: -55.64241314746574
y: 11.0
z: -1245.3749028731174
yaw: 19.779053
pitch: -3.0982494E-5
name: iron
