world: mines
x: -259.92212653606964
y: 15.0
z: -1324.2982787483909
yaw: -268.23444
pitch: 2.5500286
name: j
