world: mines
x: 207.3631782532405
y: 10.0
z: -39.088129665594806
yaw: 35.55722
pitch: -8.099884
name: k
