world: mines
x: -517.9602487237537
y: 14.0
z: -1091.1152012561236
yaw: 176.4967
pitch: 2.4000432
name: l
