world: mines
x: 85.65371385117433
y: 44.0
z: -1398.974068321896
yaw: -247.81787
pitch: 5.099925
name: lapis
