world: mines
x: -700.9011890264984
y: 12.0
z: -1105.70941880072
yaw: 179.1973
pitch: -0.9000763
name: M
