world: Free_World
x: 1191.4554189011199
y: 122.0
z: 487.5003333483395
yaw: 88.64662
pitch: 89.214165
name: MineEvent
