world: mines
x: -740.7587728280663
y: 9.0
z: -1430.9860795661557
yaw: 0.5470602
pitch: -10.800089
name: n
