world: OurSpawn
x: 1704.631626329766
y: 211.0
z: 4407.508686296014
yaw: 97.70773
pitch: 46.33139
name: nice
