world: mines
x: -622.5034003089851
y: 14.0
z: -701.807998363103
yaw: 179.71582
pitch: -3.149978
name: o
