world: mines
x: 299.54048120608957
y: 37.0
z: -1419.326808591058
yaw: 0.5915061
pitch: -15.600157
name: Obsidian
