world: mines
x: -890.6999999880791
y: 18.0
z: -816.3277536999176
yaw: -69.284325
pitch: 21.900175
name: p
