world: OurSpawn
x: 1747.603053762615
y: 144.0
z: 4398.724955169563
yaw: 178.44629
pitch: 5.4000807
name: parkour
