world: OurSpawn
x: 1604.4615977826627
y: 111.0
z: 4433.674936989633
yaw: -179.85107
pitch: -2.2499995
name: Party
