world: <world>
x: 0.4806557658758681
y: 65.0
z: -30.126084920105075
yaw: 179.55603
pitch: 0.15049936
name: Plots
