world: Plots
x: 0.4730715122683924
y: 65.0
z: 0.7491539314875835
yaw: 0.7848359
pitch: -1.1315273
name: Pots
