world: OurSpawn
x: 1833.443011823661
y: 157.6081194265083
z: 4421.77497881395
yaw: -232.34767
pitch: 49.34997
name: Prestige
