world: mines
x: 754.3480070737663
y: 5.0
z: 30.75245825826566
yaw: 52.24176
pitch: -4.0498924
name: prestige5
