world: mines
x: -824.4739155423148
y: 248.0
z: -1278.8371189762008
yaw: 180.61108
pitch: 10.50006
name: prestigec
