world: mines
x: -973.4212646142408
y: 70.0
z: -1278.4486604702433
yaw: -91.496216
pitch: 3.000053
name: prestiged
