world: mines
x: 428.5014293270976
y: 67.0
z: 182.49199840427795
yaw: -91.037476
pitch: 58.24122
name: prestige3
