world: mines
x: 623.465551335554
y: 27.0
z: -154.4715638953752
yaw: 180.20012
pitch: -2.250017
name: prestige4
