world: mines
x: -1138.5781646012547
y: 21.0
z: -1328.3090903783486
yaw: 358.636
pitch: 0.7499955
name: prestigeg
