world: mines
x: 291.54023282985924
y: 27.0
z: 180.50110404728588
yaw: -90.3241
pitch: 1.4999964
name: prestige1
