world: mines
x: -932.7867354462447
y: 25.0
z: -1100.5580936231986
yaw: 1.3685303
pitch: -1.3499868
name: prestigee
