world: mines
x: -979.1101112866244
y: 177.0
z: -1391.3427232704478
yaw: 151.81218
pitch: -2.8500412
name: prestigeb
