world: mines
x: -803.4891335599817
y: 25.0
z: -1210.585249551684
yaw: -180.89905
pitch: 3.0001104E-4
name: prestigef
