world: mines
x: -1015.56032173781
y: 56.5
z: -1216.2391463517515
yaw: 88.51168
pitch: 28.35001
name: prestigea
