world: mines
x: 572.5905608476842
y: 66.0
z: 497.518719569293
yaw: -89.52252
pitch: 3.7500112
name: prestige2
