world: mines
x: 186.51893685750488
y: 33.0
z: -873.0055534060442
yaw: -52.97046
pitch: 2.5502522
name: PrisonGod-II
