world: mines
x: -1337.9276583100818
y: 23.266634885542054
z: -1493.716167548766
yaw: 8.534912
pitch: 3.7500198
name: PrisonGod
