world: mines
x: 186.41238049174788
y: 33.0
z: -873.5532416112211
yaw: 309.12955
pitch: -1.9497737
name: prisongod-i
