world: pvp
x: 274.0824034457818
y: 7.5
z: 624.6999999880791
yaw: 76.09383
pitch: 46.69843
name: PvP
