world: mines
x: -752.499115431329
y: 36.0
z: -934.5927343028883
yaw: 179.86577
pitch: 6.1499977
name: q
