world: mines
x: -1080.5663320018734
y: 84.0
z: -886.6928437523004
yaw: -219.58606
pitch: 10.350053
name: r
