world: RealSpawn
x: -2.4101104188914
y: 66.0
z: 75.89766408180883
yaw: 138.10115
pitch: 5.7795157
name: Random
