world: mines
x: -45.17815232000998
y: 23.0
z: -1529.3590323762169
yaw: 139.77892
pitch: -4.800011
name: redstone
