world: world
x: -335.0465649858708
y: 10.50562182184584
z: 234.08508560772322
yaw: 221.71967
pitch: 49.251724
name: RoquxOG
