world: mines
x: -1372.5237166815284
y: 43.0
z: -867.8929133170526
yaw: 181.6638
pitch: 11.099989
name: s
