world: Spawn
x: -2287.699999988079
y: 83.0
z: 601.8958009489465
yaw: -58.65055
pitch: 44.54992
name: secretshop
