world: Plots
x: 128.51525327102524
y: 65.0
z: 6.49644405949051
yaw: 1.0784185
pitch: 3.9766817
name: Shop
