world: mines
x: 487.519241929507
y: 25.0
z: -1220.3629554522167
yaw: -0.90997314
pitch: 2.1464422
name: StaffMine
