world: mines
x: -1559.4665969154757
y: 51.0
z: -637.5443384726725
yaw: -179.53671
pitch: 5.549966
name: t
