world: RealSpawn
x: 2.6577177687494986
y: 66.015625
z: 78.47176810503697
yaw: 136.04985
pitch: 6.299966
name: token
