world: twitch
x: 1038.129393132218
y: 115.0
z: -598.2456811278169
yaw: 104.112
pitch: 15.155576
name: Twitch
