world: mines
x: -1592.0101883462103
y: 80.0
z: -874.4592709036815
yaw: 167.26341
pitch: 0.4500004
name: u
