world: mines
x: -1337.1913034105628
y: 6.0
z: -820.1616277397972
yaw: -316.9369
pitch: 16.650152
name: v
