world: mines
x: -1382.4895524067101
y: 20.0
z: -1129.3997821898542
yaw: 93.61279
pitch: -0.15003653
name: w
