world: mines
x: -1274.6689779947085
y: 58.0
z: -1140.566719748311
yaw: 181.51358
pitch: 7.950002
name: x
