world: mines
x: -1083.1236055208901
y: 59.0
z: -1132.2452949930687
yaw: 359.56232
pitch: 2.0999918
name: y
