world: world
x: -13.43737344241629
y: 72.0
z: 73.39801323439696
yaw: 65.85176
pitch: -0.30007285
name: Z
